# 

coth_old_border = {
	194 198 4112 174 175 173 176 4694 200 2753 4391 4695 196 195 199 209 210 2989 197 212 213 2987 2988 211 214 2990 4557 1745 1746
}

alpine_region = {
	4961 4962 4963 4958 4959 166 1869 1870 1873 4722 165 1867 1871 4720 4721 73 110 1768 4710 4758 76 4707 128 132 1863 4759 4762 108 4739 107 104 4740 2979 103 1875 4727 102 201 202 2991 4696 203 204 205 4719
}
herkulia_region = {
	221 224 225 1748 1749 4548 221 222 223 226 4546 227 229 230 4150 4787 218 366 367 368 4565 334 335 1751 4563 4561 334 335 1751 4563 4561 343 344 2467 2468 342 345 2469 4564 347 1110 2470 348 2464 2466 4568
}

ireland_provinces = {
	4118 4378 4996 4997 375 376 4119 4995  4994 373 374 4120 4379 4377 372 4121 4380 4993  
}

vinland_higher_route = {
 2511 2510 2503 2006 4917 2020
}

vinland_upper_route = {
 4920 2005 2598 2017 2018 2605
}

north_silk_road_all = { 
	707 #starts here, China is already powerful enough
	2122 4207 713 4683 714 4684 2355 478 4685 
	476 #Serbia capital
	2359 2353 1966 2420 1965 
	4267 #split
	1081 2419 303 467 1971 288 286 #down to Kunnaga
	4264 2422 306 1957 1753 308 4250 4147 4248 294 4249  #up to 1752
	1752 #split
	310 33 #up to Silesia
	4243 771 292 4544 4545 #down to Siescheng
	280
}

south_silk_road_all = {}